3.500000014901161194e-02
3.674999997019767761e-02
4.042499884963035583e-02
4.446750134229660034e-02
4.891424998641014099e-02
5.380567535758018494e-02
5.918623879551887512e-02
6.510486453771591187e-02
7.161535322666168213e-02
7.877688854932785034e-02
8.665458858013153076e-02
9.532004594802856445e-02
1.048520579934120178e-01
1.153372600674629211e-01
1.268709897994995117e-01
1.395581066608428955e-01
1.535139083862304688e-01
1.688653230667114258e-01
1.857518553733825684e-01
2.043270468711853027e-01
2.247597575187683105e-01
2.472357153892517090e-01
2.719593048095703125e-01
2.991552650928497314e-01
3.290707468986511230e-01
3.619778454303741455e-01
3.981756567955017090e-01
4.379931986331939697e-01
4.817925393581390381e-01
5.047350525856018066e-01
